case I
0 -0.487178 0 0.487178 0.541162
0.165347 -0.162075 0.164595 0.326669 0.360871
0.330694 0.118325 0.324699 0.206374 0.227133
0.496041 0.356039 0.475947 0.119909 0.131718
0.661388 0.553083 0.614213 0.0611297 0.0671464
0.826735 0.711475 0.735724 0.0242487 0.0266841
0.992082 0.833232 0.837166 0.00393421 0.00434562
1.15743 0.920371 0.915773 0.00459777 0.00510761
1.32278 0.974909 0.9694 0.00550844 0.0061665
1.48812 0.998862 0.996584 0.0022776 0.00257457
1.65347 0.994248 0.996584 0.00233627 0.00267215
1.81882 0.963084 0.9694 0.00631617 0.00732506
1.98416 0.907387 0.915773 0.00838663 0.00988302
2.14951 0.829173 0.837166 0.00799348 0.00959234
2.31486 0.73046 0.735724 0.0052639 0.0064468
2.4802 0.613265 0.614213 0.000948015 0.00118762
2.64555 0.479604 0.475947 0.00365666 0.00469651
2.8109 0.331495 0.324699 0.0067956 0.00896946
2.97625 0.170955 0.164595 0.00636013 0.00864764

case II
0 0 0 0 0
0.165347 0.16642 0.164595 0.00182551 0.00305903
0.330694 0.326172 0.324699 0.00147227 0.00236175
0.496041 0.476166 0.475947 0.00021897 0.000337393
0.661388 0.613315 0.614213 0.000897317 0.00133227
0.826735 0.73453 0.735724 0.00119363 0.00171292
0.992082 0.836722 0.837166 0.000444034 0.000617689
1.15743 0.916803 0.915773 0.00103 0.00139283
1.32278 0.971684 0.9694 0.00228411 0.00301058
1.48812 0.998277 0.996584 0.00169252 0.00218008
1.65347 0.993493 0.996584 0.00309182 0.00390165
1.81882 0.954243 0.9694 0.0151575 0.018785
1.98416 0.877439 0.915773 0.0383345 0.0467678
2.14951 0.759992 0.837166 0.0771743 0.0928955
2.31486 0.598814 0.735724 0.13691 0.162961
2.4802 0.390817 0.614213 0.223396 0.263504
2.64555 0.132911 0.475947 0.343037 0.401812
2.8109 -0.177992 0.324699 0.502692 0.585922
2.97625 -0.544981 0.164595 0.709575 0.824614

case III
0 -0.971143 0 0.971143 1.12742
0.165347 -0.544981 0.164595 0.709575 0.824614
0.330694 -0.177992 0.324699 0.502692 0.585922
0.496041 0.132911 0.475947 0.343037 0.401812
0.661388 0.390817 0.614213 0.223396 0.263504
0.826735 0.598814 0.735724 0.13691 0.162961
0.992082 0.759992 0.837166 0.0771743 0.0928955
1.15743 0.877439 0.915773 0.0383345 0.0467678
1.32278 0.954243 0.9694 0.0151575 0.018785
1.48812 0.993493 0.996584 0.00309182 0.00390165
1.65347 0.998277 0.996584 0.00169252 0.00218008
1.81882 0.971684 0.9694 0.00228411 0.00301058
1.98416 0.916803 0.915773 0.00103 0.00139283
2.14951 0.836722 0.837166 0.000444034 0.000617689
2.31486 0.73453 0.735724 0.00119363 0.00171292
2.4802 0.613315 0.614213 0.000897317 0.00133227
2.64555 0.476166 0.475947 0.00021897 0.000337393
2.8109 0.326172 0.324699 0.00147227 0.00236175
2.97625 0.16642 0.164595 0.00182551 0.00305903

case IV
0 -0.166407 0 0.166407 0.184967
0.165347 0.0658844 0.164595 0.0987102 0.107925
0.330694 0.272366 0.324699 0.0523334 0.0563852
0.496041 0.453038 0.475947 0.0229099 0.0243683
0.661388 0.607899 0.614213 0.00631392 0.00664222
0.826735 0.73695 0.735724 0.00122593 0.00127786
0.992082 0.840191 0.837166 0.0030242 0.0031292
1.15743 0.917621 0.915773 0.00184798 0.00190161
1.32278 0.969242 0.9694 0.000158545 0.000162546
1.48812 0.995052 0.996584 0.00153256 0.00156835
1.65347 0.995052 0.996584 0.00153256 0.00156835
1.81882 0.969242 0.9694 0.000158545 0.000162546
1.98416 0.917621 0.915773 0.00184798 0.00190161
2.14951 0.840191 0.837166 0.0030242 0.0031292
2.31486 0.73695 0.735724 0.00122593 0.00127786
2.4802 0.607899 0.614213 0.00631392 0.00664222
2.64555 0.453038 0.475947 0.0229099 0.0243683
2.8109 0.272366 0.324699 0.0523334 0.0563852
2.97625 0.0658844 0.164595 0.0987102 0.107925

case V
0 0 0 0 0
0.165347 0.164613 0.164595 1.8119e-005 1.96682e-005
0.330694 0.324709 0.324699 9.89402e-006 1.06714e-005
0.496041 0.47595 0.475947 2.2188e-006 2.37929e-006
0.661388 0.614213 0.614213 1.4562e-007 1.55347e-007
0.826735 0.735724 0.735724 1.28566e-007 1.3653e-007
0.992082 0.837167 0.837166 2.01064e-007 2.12677e-007
1.15743 0.915773 0.915773 6.15614e-007 6.4901e-007
1.32278 0.969399 0.9694 1.32977e-006 1.39812e-006
1.48812 0.996584 0.996584 7.962e-007 8.35384e-007
1.65347 0.996585 0.996584 9.84984e-007 1.03195e-006
1.81882 0.969403 0.9694 2.56851e-006 2.68869e-006
1.98416 0.915775 0.915773 1.99824e-006 2.09126e-006
2.14951 0.837165 0.837166 1.34071e-006 1.40367e-006
2.31486 0.735719 0.735724 4.82022e-006 5.0516e-006
2.4802 0.614211 0.614213 2.02257e-006 2.12307e-006
2.64555 0.475962 0.475947 1.45391e-005 1.52954e-005
2.8109 0.324745 0.324699 4.5058e-005 4.75361e-005
2.97625 0.16466 0.164595 6.56464e-005 6.94942e-005
