case I
-1 -0.0244599 0.919536 0.943996 94.2563
-0.894737 1.16703 0.944094 0.222934 16.807
-0.789474 1.41227 0.520372 0.891897 44.1281
-0.684211 1.16332 0.0760858 1.08724 33.9554
-0.578947 0.741329 0.05971 0.681619 13.9334
-0.473684 0.354695 0.487775 0.133079 1.9092
-0.368421 0.117253 0.92818 0.810927 8.85302
-0.263158 0.0664349 0.936369 0.869934 7.86024
-0.157895 0.181447 0.504075 0.322628 2.62802
-0.0526316 0.40144 0.0676681 0.333772 2.67832
0.0526316 0.643677 0.0676681 0.576009 5.01182
0.157895 0.82171 0.504075 0.317635 3.35025
0.263158 0.863548 0.936369 0.0728204 1.07779
0.368421 0.729831 0.92818 0.198349 5.24681
0.473684 0.431997 0.487775 0.0557775 5.46869
0.578947 0.050459 0.05971 0.00925103 0.792894
0.684211 -0.247228 0.0760858 0.323314 12.428
0.789474 -0.188194 0.520372 0.708566 21.5054
0.894737 0.62392 0.944094 0.320174 9.41796
1 2.72713 0.919536 1.80759 57.6527

case II
-1 0.919536 0.919536 0 0
-0.894737 1.17471 0.944094 0.230615 0.627707
-0.789474 0.502443 0.520372 0.0179293 0.0528505
-0.684211 0.0181598 0.0760858 0.0579261 0.201342
-0.578947 0.0712191 0.05971 0.0115091 0.0534219
-0.473684 0.506331 0.487775 0.0185564 0.143911
-0.368421 0.924974 0.92818 0.00320607 0.085894
-0.263158 0.946809 0.936369 0.0104399 0.21045
-0.157895 0.471097 0.504075 0.0329784 0.267205
-0.0526316 -0.0618853 0.0676681 0.129553 0.725124
0.0526316 0.590569 0.0676681 0.522901 2.44806
0.157895 4.73501 0.504075 4.23094 18.4038
0.263158 16.0033 0.936369 15.0669 65.0647
0.368421 39.6138 0.92818 38.6857 173.035
0.473684 82.6333 0.487775 82.1455 390.194
0.578947 154.238 0.05971 154.178 786.962
0.684211 265.974 0.0760858 265.898 1462.26
0.789474 432.022 0.520372 431.502 2550.14
0.894737 669.455 0.944094 668.51 4227.08
1 998.5 0.919536 997.58 6720

case III
-1 998.5 0.919536 997.58 6720
-0.894737 669.455 0.944094 668.51 4227.08
-0.789474 432.022 0.520372 431.502 2550.14
-0.684211 265.974 0.0760858 265.898 1462.26
-0.578947 154.238 0.05971 154.178 786.962
-0.473684 82.6333 0.487775 82.1455 390.194
-0.368421 39.6138 0.92818 38.6857 173.035
-0.263158 16.0033 0.936369 15.0669 65.0647
-0.157895 4.73501 0.504075 4.23094 18.4038
-0.0526316 0.590569 0.0676681 0.522901 2.44806
0.0526316 -0.0618853 0.0676681 0.129553 0.725124
0.157895 0.471097 0.504075 0.0329784 0.267205
0.263158 0.946809 0.936369 0.0104399 0.21045
0.368421 0.924974 0.92818 0.00320607 0.085894
0.473684 0.506331 0.487775 0.0185564 0.143911
0.578947 0.0712191 0.05971 0.0115091 0.0534219
0.684211 0.0181598 0.0760858 0.0579261 0.201342
0.789474 0.502443 0.520372 0.0179293 0.0528505
0.894737 1.17471 0.944094 0.230615 0.627707
1 0.919536 0.919536 8.88178e-016 2.96059e-015

case IV
-1 -41.1442 0.919536 42.0637 469.219
-0.894737 -23.9106 0.944094 24.8547 214.766
-0.789474 -12.3611 0.520372 12.8815 84.7727
-0.684211 -5.16544 0.0760858 5.24152 26.2446
-0.578947 -1.15949 0.05971 1.2192 4.71612
-0.473684 0.654471 0.487775 0.166696 0.512594
-0.368421 1.10789 0.92818 0.17971 0.456296
-0.263158 0.865935 0.936369 0.0704335 0.154308
-0.157895 0.427481 0.504075 0.0765949 0.151849
-0.0526316 0.125108 0.0676681 0.0574394 0.108277
0.0526316 0.125108 0.0676681 0.0574394 0.108277
0.157895 0.427481 0.504075 0.0765949 0.151849
0.263158 0.865935 0.936369 0.0704335 0.154308
0.368421 1.10789 0.92818 0.17971 0.456296
0.473684 0.654471 0.487775 0.166696 0.512594
0.578947 -1.15949 0.05971 1.2192 4.71612
0.684211 -5.16544 0.0760858 5.24152 26.2446
0.789474 -12.3611 0.520372 12.8815 84.7727
0.894737 -23.9106 0.944094 24.8547 214.766
1 -41.1442 0.919536 42.0637 469.219

case V
-1 13.0273 0.919536 12.1078 57.4326
-0.894737 -0.020291 0.944094 0.964385 4.11437
-0.789474 -0.369825 0.520372 0.890197 3.43623
-0.684211 -0.0735672 0.0760858 0.149653 0.526774
-0.578947 0.0584806 0.05971 0.00122944 0.00398439
-0.473684 0.488083 0.487775 0.000308519 0.00093094
-0.368421 0.933862 0.92818 0.00568202 0.0161657
-0.263158 0.937937 0.936369 0.00156818 0.00426479
-0.157895 0.502096 0.504075 0.00197949 0.00522142
-0.0526316 0.0709463 0.0676681 0.00327812 0.00851461
0.0526316 0.0709463 0.0676681 0.00327812 0.00851461
0.157895 0.502096 0.504075 0.00197949 0.00522142
0.263158 0.937937 0.936369 0.00156818 0.00426479
0.368421 0.933862 0.92818 0.00568202 0.0161657
0.473684 0.488083 0.487775 0.000308519 0.00093094
0.578947 0.0584806 0.05971 0.00122944 0.00398439
0.684211 -0.0735672 0.0760858 0.149653 0.526774
0.789474 -0.369825 0.520372 0.890197 3.43623
0.894737 -0.020291 0.944094 0.964385 4.11437
1 13.0273 0.919536 12.1078 57.4326